0
0
0
1
0
1
1
1
1
0
0
1
1
0
1
0
1
0
1
1
0
1
0
0
0
0
0
0
0
0
0
0.0960312983501132
0.0627678503740868
0
0
0.116838473880789
0.170782929229413
0.113500953132647
0.149372763346431
0.107898075108886
0.176371640990113
0.152833111096429
0.178140073374927
0
0
0
0
0.0630887511097395
0.13402312664673
0.15012014255506
0.177642969312582
0
0
0.138994134497277
0.103201697438025
0
0
0.148811456863487
0.0457719140458392
0
0
0.104669046058502
0.159400701263622
0.128426518639479
0.0864558858567616
0
0
0.145765943067099
0.153285221350078
0
0
0
0
0
0
0
0
0
0.681292986216212
0
0.211380540319492
0.21169362910019
0.276648594070141
0.259929443790234
0
0
0.266481911225085
0.324754905840386
0
0.306201164573045
0
0.686404728843896
0
0.148068331134479
0.609986441605047
0
0.473576855085483
0
0
0
2.50776865991189
