0
0
0
0
0
0
0
0
1
1
1
1
1
1
1
1
1
1
1
1
0
0
0
0
0
0
0
0
0
0
0
0
0
0
0
0
0
0
0
0
0
0.0208018260796907
0.153338908455468
0.0263025638483221
0.170929351407869
0.147583707865889
0.177935952686028
0.145401611613722
0.179601900409705
0.151015974524469
0.179098977432876
0.12370223537999
0.17959710757991
0.11863105648345
0.179923760140106
0.0672509112648635
0.179588658968388
0.0605135992129457
0.173665315977116
0.0644257977054351
0.179702237277205
0.0707969921424896
0.178610750766751
0.0788202975857058
0.179842405552048
0
0
0
0
0
0
0
0
0
0
0
0
0
0
0
0
0
0
0
0
0
0
0
0
0
0
0
0
0
0
0
0
0
0
0
2.96807693564285
