0
0
0
1
0
1
1
1
1
0
0
0
1
1
0
0
1
0
1
1
0
1
1
0
0
0
0
0
0
0
0
0.116838473880789
0.170782929229413
0
0
0.145765943067099
0.153285221350078
0.148811456863487
0.0457719140458392
0.0630887511097395
0.13402312664673
0.113500953132647
0.149372763346431
0
0
0
0
0
0
0.15012014255506
0.177642969312582
0.107898075108886
0.176371640990113
0
0
0
0
0.104669046058502
0.159400701263622
0
0
0.152833111096429
0.178140073374927
0.0960312983501132
0.0627678503740868
0
0
0.128426518639479
0.0864558858567616
0.138994134497277
0.103201697438025
0
0
0
0
-1.5707963267949
-1.5707963267949
-1.5707963267949
-1.3594157864754
-1.5707963267949
-1.09721947170941
-0.884391597951001
-1.30431441556981
-1.35910269769471
-1.5707963267949
-1.5707963267949
-1.5707963267949
-1.24604142095451
-1.29414773272476
-1.5707963267949
-1.5707963267949
-1.42272799566042
-1.5707963267949
-1.31086688300466
-0.889503340578685
-1.5707963267949
-0.96080988518985
-1.26459516222185
-1.5707963267949
-1.5707963267949
